58
99
34
30
57
24
39
96
0
73
25
61
7
0
16
37
91
76
78
1
0
11
41
78
83
76
49
10
34
65
15
35
93
81
90
26
56
66
52
56
57
46
2
12
40
93
22
60
44
52
84
94
4
71
24
91
90
43
77
72
43
38
53
80
65
48
87
52
99
25
12
57
78
7
38
3
92
1
66
70
73
87
79
42
77
65
50
71
97
45
57
21
17
79
80
16
22
86
29
52
70
67
26
70
59
21
69
91
26
41
38
95
96
18
90
78
77
9
41
2
45
7
4
99
62
87
51
72
91
71
80
16
43
24
59
63
55
49
52
88
7
9
87
92
42
25
29
55
90
3
33
36
22
82
86
5
66
43
38
91
50
30
17
98
59
92
44
93
55
67
30
27
72
31
38
86
38
5
65
82
9
37
95
90
45
79
93
83
88
63
56
99
23
29
24
42
20
35
23
22
86
8
22
61
31
33
38
49
12
68
18
61
52
14
80
81
78
20
49
21
80
81
24
86
2
80
89
58
14
32
8
61
34
28
39
77
9
37
19
92
26
63
83
76
89
3
2
76
69
19
35
91
21
58
39
16
85
80
46
0
61
39
64
26
99
99
18
39
88
76
99
91
33
24
70
81
6
18
33
70
13
86
43
94
92
16
88
64
51
70
31
82
86
76
23
42
67
25
98
61
89
47
89
28
63
49
85
32
95
16
26
90
41
56
48
52
59
94
73
66
54
25
64
14
18
43
23
47
17
89
96
100
81
78
45
73
23
92
17
39
52
24
66
23
32
46
18
10
97
30
69
16
40
62
60
70
14
61
66
39
41
11
34
70
2
22
34
69
36
88
65
32
28
96
45
71
55
35
40
68
25
73
7
70
96
73
62
66
3
30
7
41
97
53
76
93
22
79
26
64
93
5
82
70
77
80
62
23
26
66
66
34
78
11
77
75
13
93
0
83
60
27
68
90
84
24
86
62
14
42
12
51
36
16
44
61
43
29
41
69
3
77
99
10
96
34
56
39
91
82
76
96
4
12
69
54
45
29
26
39
61
65
47
44
72
96
52
16
78
24
91
16
96
58
88
99
38
11
68
7
45
34
67
42
25
74
94
72
92
37
70
72
87
62
18
74
93
42
49
21
69
24
69
52
4
27
63
27
29
4
64
77
62
18
65
7
24
86
78
22
54
69
38
38
7
25
39
10
44
34
65
37
100
45
89
14
85
39
81
15
22
96
24
25
63
38
34
36
91
4
17
7
60
17
68
13
11
69
68
8
98
96
93
27
41
60
39
3
33
10
5
45
94
52
94
79
2
12
93
71
1
80
7
77
30
89
1
66
64
2
48
81
68
97
78
5
54
27
36
2
4
80
10
75
54
100
32
87
83
96
23
17
38
91
2
62
10
73
1
78
35
27
77
95
35
80
47
13
31
42
97
33
47
83
5
69
96
40
100
39
5
4
5
26
41
14
4
46
17
28
89
83
54
50
1
95
9
6
49
17
52
9
36
36
66
61
92
52
55
79
58
98
33
88
75
12
78
13
77
53
18
9
9
41
89
37
35
49
9
30
27
36
73
53
97
72
12
87
34
92
6
82
5
53
92
3
7
86
44
51
76
61
29
100
26
32
49
80
98
20
70
96
18
90
31
34
91
49
0
23
67
6
78
62
29
14
83
38
27
19
82
27
15
48
41
84
29
69
16
89
88
65
73
62
68
76
89
8
82
80
39
1
23
93
92
88
87
16
35
38
43
34
33
47
57
54
74
41
78
47
97
18
74
53
9
52
83
68
85
1
80
54
99
24
84
87
34
9
12
52
70
70
100
14
7
6
14
72
46
56
69
12
0
10
12
15
55
25
98
41
23
10
65
48
0
100
54
41
41
25
45
34
96
8
72
41
82
8
99
65
85
70
21
52
46
62
92
19
83
76
74
24
86
27
40
47
27
90
71
35
21
58
87
80
30
51
64
56
25
0
72
6
41
41
94
18
92
25
98
60
90
58
20
72
65
97
2
2
67
97
26
2
93
68
85
19
43
45
49
51
43
40
41
45
48
39
25
67
84
24
10
85
59
32
39
66
22
87
43
9
67
63
20
90
52
81
30
31
26
56
25
82
51
86
64
97
97
64
97
30
40
4
20
42
41
40
96
41
78
97
74
7
32
5
41
36
64
50
97
0
88
52
1
99
75
5
92
59
32
86
26
8
53
96
70
51
58
2
17
34
18
78
74
12
33
67
64
84
81
37
90
3
72
14
2
18
71
21
24
51
